/tmp/image.jpg/[9.9999952e-01 1.9011888e-04 4.0038228e-02 9.1768140e-01]
/tmp/image.jpg/[9.9999809e-01 4.9037754e-04 1.1392676e-02 9.2963666e-01]
/tmp/image.jpg/[9.9999905e-01 1.8358526e-04 1.3225444e-04 9.9934572e-01]
/tmp/image.jpg/[0.99999917 0.1461382  0.00205491 0.9471749 ]
/tmp/image.jpg/[9.9999964e-01 2.3951428e-05 4.1832436e-06 9.9999332e-01]
/tmp/image.jpg/[9.9998677e-01 4.3400575e-04 1.2830134e-04 9.9961013e-01]
/tmp/image.jpg/[9.9998033e-01 8.9305325e-04 3.1265040e-04 9.9920756e-01]
/tmp/image.jpg/[9.9999928e-01 3.1602627e-03 1.0556630e-05 9.9980384e-01]
/tmp/image.jpg/[0.9999467  0.00472666 0.00974748 0.93525815]
/tmp/image.jpg/[0.9999467  0.00472666 0.00974748 0.93525815]
/tmp/image.jpg/[9.9999642e-01 2.6938258e-04 1.9467422e-03 9.9462402e-01]
/tmp/image.jpg/[0.9998909  0.27790514 0.13487463 0.02327257]
/tmp/image.jpg/[9.9992239e-01 9.0281993e-01 4.8405479e-04 1.1460093e-01]
/tmp/image.jpg/[0.99956447 0.1329896  0.00242537 0.61118245]
/tmp/image.jpg/[0.99999833 0.41522604 0.00472559 0.07999567]
/tmp/image.jpg/[9.9998581e-01 9.8404998e-01 2.5860118e-04 1.0713389e-02]
/tmp/image.jpg/[1.0000000e+00 6.9346995e-04 1.1551369e-02 9.9083775e-01]
/tmp/image.jpg/[9.9999988e-01 9.9365520e-01 7.2234019e-05 1.8036902e-01]
/tmp/image.jpg/[0.9999932  0.9916712  0.00699245 0.00294674]
/tmp/image.jpg/[0.9999932  0.9916712  0.00699245 0.00294674]
/tmp/image.jpg/[9.9998748e-01 3.9825918e-05 4.1886583e-02 9.1105044e-01]
/tmp/image.jpg/[0.99998057 0.00378444 0.19382896 0.3834485 ]
/tmp/image.jpg/[9.9999833e-01 9.5485616e-01 5.0226034e-04 3.6315981e-02]
/tmp/image.jpg/[0.99997735 0.0162846  0.00412299 0.9266075 ]
/tmp/image.jpg/[0.9999058  0.01215177 0.01523952 0.8876263 ]
/tmp/image.jpg/[0.9999995  0.03456529 0.10119095 0.04668555]
/tmp/image.jpg/[9.9999905e-01 9.3309146e-01 8.2749044e-05 3.9886072e-02]
/tmp/image.jpg/[9.9999928e-01 7.5818645e-03 3.2592332e-05 9.9945980e-01]
/tmp/image.jpg/[0.99999845 0.18015054 0.00369476 0.65202534]
/tmp/image.jpg/[0.99999845 0.18015054 0.00369476 0.65202534]
/tmp/image.jpg/[9.9999428e-01 5.4657441e-02 7.9329434e-04 9.7081214e-01]
/tmp/image.jpg/[0.99989045 0.91246396 0.00892118 0.02107039]
/tmp/image.jpg/[9.9999869e-01 7.5046520e-04 1.6754746e-02 8.0637175e-01]
/tmp/image.jpg/[0.99992573 0.0017611  0.00136529 0.99867284]
/tmp/image.jpg/[9.9999917e-01 3.4612045e-04 1.4944451e-03 9.9495304e-01]
/tmp/image.jpg/[9.9998510e-01 1.1568938e-03 9.7106298e-04 9.9396074e-01]
/tmp/image.jpg/[0.99992657 0.63495606 0.00140905 0.64448184]
/tmp/image.jpg/[0.9999958  0.10500801 0.00168106 0.9574016 ]
/tmp/image.jpg/[9.9996805e-01 9.5279831e-01 4.7573683e-04 7.0850879e-02]
/tmp/image.jpg/[9.9996805e-01 9.5279831e-01 4.7573683e-04 7.0850879e-02]
/tmp/image.jpg/[9.9997008e-01 2.4767583e-03 6.4961432e-04 9.9926108e-01]
/tmp/image.jpg/[1.         0.01031217 0.01909342 0.16660261]
/tmp/image.jpg/[9.9999440e-01 9.9685645e-01 3.5512599e-04 6.9938815e-04]
/tmp/image.jpg/[9.9998236e-01 3.9402684e-03 3.2032546e-04 9.9807703e-01]
/tmp/image.jpg/[9.9997377e-01 6.6964910e-04 3.3908564e-05 9.9997115e-01]
/tmp/image.jpg/[9.9999785e-01 2.2594707e-02 3.7413647e-05 9.9932647e-01]
/tmp/image.jpg/[9.9998832e-01 1.8527749e-01 3.2303770e-04 9.6046180e-01]
/tmp/image.jpg/[9.9999869e-01 1.0930020e-01 2.7715681e-05 9.7392911e-01]
/tmp/image.jpg/[0.99996805 0.03532513 0.00795558 0.7570306 ]
/tmp/image.jpg/[0.99996805 0.03532513 0.00795558 0.7570306 ]
/tmp/image.jpg/[0.99976856 0.6817531  0.0414731  0.00777678]
/tmp/image.jpg/[0.99999905 0.01794773 0.17665817 0.02988473]
/tmp/image.jpg/[9.999995e-01 4.169688e-03 4.121615e-04 9.760424e-01]
/tmp/image.jpg/[9.9998558e-01 9.7928778e-04 1.1749252e-03 9.9397027e-01]
/tmp/image.jpg/[9.999969e-01 2.643245e-05 9.392280e-05 9.998678e-01]
/tmp/image.jpg/[0.9999994  0.31803265 0.00226337 0.18400498]
/tmp/image.jpg/[0.9999877  0.04010991 0.0208301  0.91181177]
/tmp/image.jpg/[9.9993622e-01 3.6561899e-02 3.5854424e-05 9.9757046e-01]
/tmp/image.jpg/[0.99999785 0.14946838 0.00146215 0.8145261 ]
/tmp/image.jpg/[0.99999785 0.14946838 0.00146215 0.8145261 ]
/tmp/image.jpg/[0.99999595 0.13542354 0.00545134 0.9571207 ]
/tmp/image.jpg/[9.9997973e-01 4.3949860e-04 8.9329144e-05 9.9982160e-01]
/tmp/image.jpg/[9.9998248e-01 1.6548296e-03 8.9571644e-05 9.9848145e-01]
/tmp/image.jpg/[9.9994934e-01 5.7892166e-03 1.4212212e-04 9.9725240e-01]
/tmp/image.jpg/[0.99953115 0.00243765 0.00110937 0.99114156]
/tmp/image.jpg/[0.9999559  0.06778294 0.005077   0.9144764 ]
/tmp/image.jpg/[0.9999547  0.03757206 0.00157895 0.9421748 ]
/tmp/image.jpg/[9.9997377e-01 2.6488280e-01 7.6575519e-04 7.2166383e-01]
/tmp/image.jpg/[0.99997604 0.990262   0.00438848 0.00242066]
/tmp/image.jpg/[0.99997604 0.990262   0.00438848 0.00242066]
/tmp/image.jpg/[9.9999714e-01 1.8219530e-03 8.7628498e-05 9.9925858e-01]
/tmp/image.jpg/[0.9999988  0.00406158 0.07351377 0.66385436]
/tmp/image.jpg/[9.9999630e-01 1.9684294e-03 3.8909502e-04 9.9341869e-01]
/tmp/image.jpg/[0.99992836 0.02307318 0.08930106 0.31248635]
/tmp/image.jpg/[0.9999554  0.0033802  0.00560896 0.988713  ]
/tmp/image.jpg/[9.9999928e-01 7.5706816e-04 1.0530713e-01 4.7689641e-01]
/tmp/image.jpg/[9.9837214e-01 8.5808069e-01 2.4864532e-04 2.1780661e-01]
/tmp/image.jpg/[0.99993455 0.00226356 0.00133252 0.99106836]
/tmp/image.jpg/[9.9999011e-01 8.1829535e-04 8.5494568e-04 9.9058515e-01]
/tmp/image.jpg/[9.9999011e-01 8.1829535e-04 8.5494568e-04 9.9058515e-01]
/tmp/image.jpg/[9.9999988e-01 1.4250290e-05 1.3087621e-04 9.9920458e-01]
/tmp/image.jpg/[0.99999905 0.00171221 0.06144956 0.05888557]
/tmp/image.jpg/[0.99999833 0.09369636 0.39225134 0.00260493]
/tmp/image.jpg/[0.9999887  0.4097422  0.03350208 0.00611767]
/tmp/image.jpg/[0.9999999  0.00254333 0.01115508 0.48249668]
/tmp/image.jpg/[1.0000000e+00 1.3907607e-01 4.6713876e-06 9.1566133e-01]
/tmp/image.jpg/[0.99999833 0.034649   0.0357209  0.3694288 ]
/tmp/image.jpg/[9.9999976e-01 2.1247597e-01 2.5770304e-04 9.8405105e-01]
/tmp/image.jpg/[9.9999964e-01 5.6140969e-04 1.7449079e-03 9.8704475e-01]
/tmp/image.jpg/[9.9999964e-01 5.6140969e-04 1.7449079e-03 9.8704475e-01]
/tmp/image.jpg/[9.9999976e-01 2.7793578e-05 1.1119890e-03 9.9822408e-01]
/tmp/image.jpg/[0.9999896  0.01836675 0.18792608 0.00169273]
/tmp/image.jpg/[0.9999958  0.24072117 0.02154113 0.16681476]
/tmp/image.jpg/[0.99999905 0.5006675  0.00365163 0.12072773]
/tmp/image.jpg/[0.9999999  0.06413496 0.01786549 0.07091732]
/tmp/image.jpg/[1.0000000e+00 9.7597308e-02 7.3561096e-06 9.4216377e-01]
/tmp/image.jpg/[0.99999976 0.00485626 0.00317015 0.90066254]
/tmp/image.jpg/[1.0000000e+00 1.8489053e-02 2.2986498e-04 9.8499137e-01]
/tmp/image.jpg/[0.99999833 0.0024713  0.00493579 0.82152843]
/tmp/image.jpg/[0.99999833 0.0024713  0.00493579 0.82152843]
